Z      0  10551309       0  10551309  10550400       1
Z      1  10551309       0  3517103  10550400       3
Z      4  10551309       0  257349  10550400      41
Z     45  10551309       0   96801  10550400     109
Z    154  10551309       0   85783  10550400     123
Z    277  10551309       0   32267  10550400     327
Z    604  10551309       0   13407  10550400     787
Z   1391  10551309       0    4469  10550400    2361
Z   3752  10551309       0    2361  10550400    4469
...


 + 4469         13407
 + 13407        32267
 + 32267
 + 85783
 + 96801
 + 257349
 + 3517103
 + 10551309

14562240
